[View]
SizeX=32.55257
SizeY=15.83267
XMIN=686871.461586426
YMIN=4320113.18403625
XMAX=727976.788413574
YMAX=4340028.81596375
picLegendX=12.91167
picLegendY=12.38426
picScaleX=1.197681
picScaleY=4.674305
picTimingX=1.199444
picTimingY=7.404805
ShowGrid=False
